{
  "camera_angle_x": 0.6890590646266933,
  "camera_angle_y": 0.6888805171078819,
  "fl_x": 1114.6985720652121,
  "fl_y": 1115.0116778883894,
  "k1": -0.05412584639715777,
  "k2": 0.28224086416056704,
  "p1": 0.0013607396074882972,
  "p2": -0.0008903713528927106,
  "cx": 398.1594288565145,
  "cy": 398.8348647746064,
  "w": 800.0,
  "h": 800.0,
  "aabb_scale": 2,
  "frames": [
    {
      "file_path": "./data/nerf/chair/images/r_76.png",
      "sharpness": 1297.153878125,
      "transform_matrix": [
        [
          -0.7704026140517544,
          -0.28385044893103506,
          0.570884169501505,
          2.2894144458779224
        ],
        [
          0.6372889146694214,
          -0.3168527172935348,
          0.7024722021426747,
          2.804032161429515
        ],
        [
          -0.018510849573356365,
          0.9050045736129771,
          0.42499890620002817,
          1.6992110019007556
        ],
        [
          0.0,
          0.0,
          0.0,
          1.0
        ]
      ]
    },
    {
      "file_path": "./data/nerf/chair/images/r_86.png",
      "sharpness": 684.743025,
      "transform_matrix": [
        [
          0.004362168291958075,
          0.4765764371644966,
          -0.8791222162537673,
          -3.5236256786163236
        ],
        [
          -0.9999738687933767,
          -0.002989191145216473,
          -0.006582284307705958,
          -0.019374115586257387
        ],
        [
          -0.005764825948159125,
          0.879127956761384,
          0.47655094429231387,
          1.9129314241997033
        ],
        [
          0.0,
          0.0,
          0.0,
          1.0
        ]
      ]
    },
    {
      "file_path": "./data/nerf/chair/images/r_87.png",
      "sharpness": 666.582315625,
      "transform_matrix": [
        [
          -0.059254874075557754,
          0.5795277789819248,
          -0.8127954314402341,
          -3.247609485601684
        ],
        [
          -0.9982186629715861,
          -0.040071708023671986,
          0.04420134739223012,
          0.18354272070941416
        ],
        [
          -0.006954192529419957,
          0.8139667141153812,
          0.5808698887031652,
          2.3214219299675642
        ],
        [
          0.0,
          0.0,
          0.0,
          1.0
        ]
      ]
    },
    {
      "file_path": "./data/nerf/chair/images/r_84.png",
      "sharpness": 606.12649375,
      "transform_matrix": [
        [
          -0.024939850982291536,
          0.7802223950182424,
          -0.6250048145642779,
          -2.4987402055660484
        ],
        [
          -0.9996691564229668,
          -0.023398892655088505,
          0.010680333286604856,
          0.049865566546809306
        ],
        [
          -0.006291385348435148,
          0.6250644016563746,
          0.7805478283461625,
          3.1230668193520663
        ],
        [
          0.0,
          0.0,
          0.0,
          1.0
        ]
      ]
    },
    {
      "file_path": "./data/nerf/chair/images/r_81.png",
      "sharpness": 777.82938125,
      "transform_matrix": [
        [
          0.4853151748960719,
          0.368559499729345,
          -0.7928638447163547,
          -3.175697725969572
        ],
        [
          -0.8742964010406312,
          0.21354543607213322,
          -0.4358946545441534,
          -1.736732738585673
        ],
        [
          0.008659339652293228,
          0.9047442964571053,
          0.4258670848383071,
          1.7030062424108554
        ],
        [
          0.0,
          0.0,
          0.0,
          1.0
        ]
      ]
    },
    {
      "file_path": "./data/nerf/chair/images/r_66.png",
      "sharpness": 1534.05980625,
      "transform_matrix": [
        [
          -0.47521528429929344,
          -0.5405332769218598,
          0.6942580285398272,
          2.7796858161407636
        ],
        [
          0.8798118929952302,
          -0.2828882153100454,
          0.3819755104491012,
          1.5200117973246539
        ],
        [
          -0.010073059708650493,
          0.7923370711101994,
          0.6100004092590194,
          2.4387940428619976
        ],
        [
          0.0,
          0.0,
          0.0,
          1.0
        ]
      ]
    },
    {
      "file_path": "./data/nerf/chair/images/r_72.png",
      "sharpness": 1199.132065625,
      "transform_matrix": [
        [
          0.9847143529213017,
          -0.06492989628551048,
          0.1616222503329425,
          0.6408207191471542
        ],
        [
          0.17194873403089947,
          0.21443343141679794,
          -0.9614842361453425,
          -3.8490809191593915
        ],
        [
          0.027771858000872868,
          0.9745780687758677,
          0.22232029112933777,
          0.8883823796854757
        ],
        [
          0.0,
          0.0,
          0.0,
          1.0
        ]
      ]
    },
    {
      "file_path": "./data/nerf/chair/images/r_67.png",
      "sharpness": 1751.698540625,
      "transform_matrix": [
        [
          0.730487917497898,
          -0.35060098915561205,
          0.5860600215645497,
          2.3398663449940083
        ],
        [
          0.6825298843524787,
          0.3455909112734289,
          -0.6439874835825597,
          -2.5804464799841824
        ],
        [
          0.023245631834460777,
          0.8704285545189991,
          0.4917456376645726,
          1.966221291641204
        ],
        [
          0.0,
          0.0,
          0.0,
          1.0
        ]
      ]
    },
    {
      "file_path": "./data/nerf/chair/images/r_63.png",
      "sharpness": 1912.923321875,
      "transform_matrix": [
        [
          0.5876403249823472,
          -0.6343191246235468,
          0.5023127478722881,
          2.0048158482971554
        ],
        [
          0.8089176510570031,
          0.4466088224098892,
          -0.382351662156813,
          -1.5347068477944625
        ],
        [
          0.018195666828949467,
          0.6310149031122103,
          0.7755572898519443,
          3.101039299103402
        ],
        [
          0.0,
          0.0,
          0.0,
          1.0
        ]
      ]
    },
    {
      "file_path": "./data/nerf/chair/images/r_70.png",
      "sharpness": 1134.11460625,
      "transform_matrix": [
        [
          -0.8531291293053692,
          -0.10829992880873154,
          0.5103350019685463,
          2.049098623235129
        ],
        [
          0.5212675466409136,
          -0.13714202386493876,
          0.8423017334121997,
          3.3665092049977487
        ],
        [
          -0.021232842744928496,
          0.9846132188794829,
          0.1734530936025845,
          0.6933248957324318
        ],
        [
          0.0,
          0.0,
          0.0,
          1.0
        ]
      ]
    },
    {
      "file_path": "./data/nerf/chair/images/r_65.png",
      "sharpness": 1682.4616125,
      "transform_matrix": [
        [
          0.7296621155651811,
          -0.6767338516944731,
          0.09810449104529823,
          0.3864755436753862
        ],
        [
          0.6833929366897269,
          0.7166783995949887,
          -0.13909049441482946,
          -0.5592046894196463
        ],
        [
          0.023817876384010686,
          0.16853298064762887,
          0.9854082114951834,
          3.939263440269093
        ],
        [
          0.0,
          0.0,
          0.0,
          1.0
        ]
      ]
    },
    {
      "file_path": "./data/nerf/chair/images/r_74.png",
      "sharpness": 822.792528125,
      "transform_matrix": [
        [
          0.478651394391171,
          0.17470295473596031,
          -0.8604485576357616,
          -3.44741206675241
        ],
        [
          -0.8779638072429239,
          0.10473325385794464,
          -0.4671300661569986,
          -1.86237453548728
        ],
        [
          0.008508574414936246,
          0.979035149126663,
          0.20351358927480165,
          0.812177081094218
        ],
        [
          0.0,
          0.0,
          0.0,
          1.0
        ]
      ]
    },
    {
      "file_path": "./data/nerf/chair/images/r_73.png",
      "sharpness": 805.92151875,
      "transform_matrix": [
        [
          -0.43531459986415144,
          0.4891856168858683,
          -0.755776839722319,
          -3.0234538516111393
        ],
        [
          -0.9001423355149987,
          -0.2510966818830385,
          0.35594133247058596,
          1.431420133527804
        ],
        [
          -0.015651676398521913,
          0.8352531883553392,
          0.5496427352851219,
          2.202851205824727
        ],
        [
          0.0,
          0.0,
          0.0,
          1.0
        ]
      ]
    },
    {
      "file_path": "./data/nerf/chair/images/r_62.png",
      "sharpness": 1756.112934375,
      "transform_matrix": [
        [
          0.2845206999894695,
          -0.5685977714403364,
          0.7718448974205473,
          3.083807492726546
        ],
        [
          0.9586028214951355,
          0.1592166664062512,
          -0.23607347110603188,
          -0.9509612293913554
        ],
        [
          0.011340278017099872,
          0.8070604856719921,
          0.5903598653744491,
          2.35947084404089
        ],
        [
          0.0,
          0.0,
          0.0,
          1.0
        ]
      ]
    },
    {
      "file_path": "./data/nerf/chair/images/r_61.png",
      "sharpness": 1618.269275,
      "transform_matrix": [
        [
          -0.201818602806621,
          -0.8360638340402894,
          0.5101632258940119,
          2.041176240279572
        ],
        [
          0.9794191545361481,
          -0.17083364490975664,
          0.10748946690047463,
          0.421986532855929
        ],
        [
          -0.0027150124373640093,
          0.5213570094068294,
          0.8533343410020404,
          3.412606652570805
        ],
        [
          0.0,
          0.0,
          0.0,
          1.0
        ]
      ]
    },
    {
      "file_path": "./data/nerf/chair/images/r_71.png",
      "sharpness": 808.3261125,
      "transform_matrix": [
        [
          0.022306996783639486,
          0.8679841221251918,
          -0.4960906789253401,
          -1.981719490706944
        ],
        [
          -0.9997476521735005,
          0.018050885397009057,
          -0.01337151861092151,
          -0.044384173760345355
        ],
        [
          -0.002651389851175646,
          0.4962637699434127,
          0.8681677492610302,
          3.4722093978024064
        ],
        [
          0.0,
          0.0,
          0.0,
          1.0
        ]
      ]
    },
    {
      "file_path": "./data/nerf/chair/images/r_64.png",
      "sharpness": 1274.125709375,
      "transform_matrix": [
        [
          -0.7869859966023998,
          -0.6165620763924822,
          -0.022455449001708906,
          -0.08605425718149112
        ],
        [
          0.6166211738892229,
          -0.7872440451544704,
          0.005014108126810433,
          0.011758139959015515
        ],
        [
          -0.020769427425788106,
          -0.00990047244239335,
          0.9997352707659047,
          3.998282785679239
        ],
        [
          0.0,
          0.0,
          0.0,
          1.0
        ]
      ]
    },
    {
      "file_path": "./data/nerf/chair/images/r_69.png",
      "sharpness": 706.617975,
      "transform_matrix": [
        [
          -0.10238326538941164,
          0.4314468525664754,
          -0.896309812766898,
          -3.5872284270946357
        ],
        [
          -0.9947105609039445,
          -0.05190528648540642,
          0.08863826070626335,
          0.3606442101695961
        ],
        [
          -0.008280519012662805,
          0.9006439111706168,
          0.43447897343798986,
          1.740137444976819
        ],
        [
          0.0,
          0.0,
          0.0,
          1.0
        ]
      ]
    },
    {
      "file_path": "./data/nerf/chair/images/r_24.png",
      "sharpness": 1573.510459375,
      "transform_matrix": [
        [
          0.72006111167426,
          -0.22015969506038963,
          0.6580590431024371,
          2.6287056510130875
        ],
        [
          0.6935534033128079,
          0.19791221924441887,
          -0.6926863866332117,
          -2.776574366536972
        ],
        [
          0.02226369803938901,
          0.9551756185252018,
          0.2952013983844993,
          1.180053949276954
        ],
        [
          0.0,
          0.0,
          0.0,
          1.0
        ]
      ]
    },
    {
      "file_path": "./data/nerf/chair/images/r_26.png",
      "sharpness": 1503.83108125,
      "transform_matrix": [
        [
          0.1887221081520285,
          -0.2670449572296231,
          0.9450243154524822,
          3.7825071115980653
        ],
        [
          0.9819877381502082,
          0.042333503409584285,
          -0.1841411323189727,
          -0.7448308636621773
        ],
        [
          0.009167770723986718,
          0.9627537927168699,
          0.2702241415432546,
          1.0807998997122812
        ],
        [
          0.0,
          0.0,
          0.0,
          1.0
        ]
      ]
    },
    {
      "file_path": "./data/nerf/chair/images/r_37.png",
      "sharpness": 860.163128125,
      "transform_matrix": [
        [
          -0.6915867552437622,
          0.39982181693355656,
          -0.6015399195056822,
          -2.4056839239836387
        ],
        [
          -0.7219365077357239,
          -0.4088125024206462,
          0.5582830972391329,
          2.2409077221730467
        ],
        [
          -0.022703277497588343,
          0.8203748244786115,
          0.571375278285742,
          2.2913211281713446
        ],
        [
          0.0,
          0.0,
          0.0,
          1.0
        ]
      ]
    },
    {
      "file_path": "./data/nerf/chair/images/r_35.png",
      "sharpness": 932.701584375,
      "transform_matrix": [
        [
          0.013645394844774495,
          0.923151254929534,
          -0.38419469518085037,
          -1.5313017122791497
        ],
        [
          -0.9998918007323246,
          0.010486377793758191,
          -0.01031613828135034,
          -0.0321805635921656
        ],
        [
          -0.005494545280431005,
          0.3842938933763095,
          0.9231944614052845,
          3.684087867684089
        ],
        [
          0.0,
          0.0,
          0.0,
          1.0
        ]
      ]
    },
    {
      "file_path": "./data/nerf/chair/images/r_36.png",
      "sharpness": 1077.163128125,
      "transform_matrix": [
        [
          -0.14617350121244824,
          0.9819224023688103,
          -0.12025682248050694,
          -0.48153550997276773
        ],
        [
          -0.9890055164941186,
          -0.14780384032136498,
          -0.0047024600436799,
          -0.00806079480038517
        ],
        [
          -0.022391871050597093,
          0.11824728578037905,
          0.9927316775443308,
          3.9670637611852633
        ],
        [
          0.0,
          0.0,
          0.0,
          1.0
        ]
      ]
    },
    {
      "file_path": "./data/nerf/chair/images/r_32.png",
      "sharpness": 1387.577609375,
      "transform_matrix": [
        [
          -0.11616374384793882,
          -0.16816842281265532,
          0.9788898642173615,
          3.920444714910515
        ],
        [
          0.9932293692368067,
          -0.0208442630993747,
          0.11428445555412778,
          0.44979883692073297
        ],
        [
          0.0011852012325171695,
          0.9855378726097042,
          0.16945116415513714,
          0.6775625125594936
        ],
        [
          0.0,
          0.0,
          0.0,
          1.0
        ]
      ]
    },
    {
      "file_path": "./data/nerf/chair/images/r_40.png",
      "sharpness": 1040.34208125,
      "transform_matrix": [
        [
          0.6994612071376335,
          0.543389018264313,
          -0.46420081282011977,
          -1.8608610053023218
        ],
        [
          -0.714534979581048,
          0.5443756912662302,
          -0.43942561340177855,
          -1.7524445317671662
        ],
        [
          0.013920585698712844,
          0.6390488883071337,
          0.7690401392195182,
          3.077815021965249
        ],
        [
          0.0,
          0.0,
          0.0,
          1.0
        ]
      ]
    },
    {
      "file_path": "./data/nerf/chair/images/r_31.png",
      "sharpness": 1601.455696875,
      "transform_matrix": [
        [
          0.09129973214897073,
          -0.322404753245695,
          0.9421886934567081,
          3.7688885180258507
        ],
        [
          0.9958030449328902,
          0.023500332144056068,
          -0.0884535476479485,
          -0.3616368446443189
        ],
        [
          0.006376096964536282,
          0.9463101550534154,
          0.3231972090130643,
          1.2919643895106705
        ],
        [
          0.0,
          0.0,
          0.0,
          1.0
        ]
      ]
    },
    {
      "file_path": "./data/nerf/chair/images/r_42.png",
      "sharpness": 789.623228125,
      "transform_matrix": [
        [
          0.6257225890470987,
          0.38231642561814744,
          -0.6799304319872058,
          -2.723591185414984
        ],
        [
          -0.7799460536131021,
          0.32057008761425815,
          -0.537511834642121,
          -2.1441311225989166
        ],
        [
          0.012465754805910409,
          0.8666423539755973,
          0.49877413258539066,
          1.9940590251762114
        ],
        [
          0.0,
          0.0,
          0.0,
          1.0
        ]
      ]
    },
    {
      "file_path": "./data/nerf/chair/images/r_44.png",
      "sharpness": 892.177340625,
      "transform_matrix": [
        [
          -0.2944030735048317,
          0.17974833709260407,
          -0.9386252530732919,
          -3.757222419491274
        ],
        [
          -0.9556022178857588,
          -0.06800616860220444,
          0.28670466024093627,
          1.1528904024719286
        ],
        [
          -0.012297621299780763,
          0.9813591067635106,
          0.19178913464074657,
          0.7680312988760869
        ],
        [
          0.0,
          0.0,
          0.0,
          1.0
        ]
      ]
    },
    {
      "file_path": "./data/nerf/chair/images/r_38.png",
      "sharpness": 1483.077203125,
      "transform_matrix": [
        [
          0.997521831091968,
          -0.06896421827800658,
          0.013933168188918741,
          0.04995977305083512
        ],
        [
          0.06513904686523381,
          0.8303970786917831,
          -0.5533512413229464,
          -2.2121536626626237
        ],
        [
          0.026591373630002108,
          0.5528875367771182,
          0.832831477916484,
          3.3297875799876264
        ],
        [
          0.0,
          0.0,
          0.0,
          1.0
        ]
      ]
    },
    {
      "file_path": "./data/nerf/chair/images/r_77.png",
      "sharpness": 1838.26539375,
      "transform_matrix": [
        [
          0.7366723150611325,
          -0.49041433901621495,
          0.4656261122330986,
          1.8573667273594996
        ],
        [
          0.6759019046855678,
          0.5118719701784622,
          -0.530229857126177,
          -2.1251917351944223
        ],
        [
          0.021691369473902437,
          0.7053232324933614,
          0.7085538951124444,
          2.833285656208161
        ],
        [
          0.0,
          0.0,
          0.0,
          1.0
        ]
      ]
    },
    {
      "file_path": "./data/nerf/chair/images/r_17.png",
      "sharpness": 894.461896875,
      "transform_matrix": [
        [
          -0.31268961834098535,
          0.19247746610828675,
          -0.9301492502313008,
          -3.7229629579078125
        ],
        [
          -0.9497736744965856,
          -0.07619982823836081,
          0.3035186211910264,
          1.2208157324729463
        ],
        [
          -0.012456717980135423,
          0.9783383930420317,
          0.2066369254529615,
          0.8279511029207163
        ],
        [
          0.0,
          0.0,
          0.0,
          1.0
        ]
      ]
    },
    {
      "file_path": "./data/nerf/chair/images/r_80.png",
      "sharpness": 1313.9992625,
      "transform_matrix": [
        [
          -0.7576789673684284,
          -0.32099891595033697,
          0.5682273123053574,
          2.278895699594595
        ],
        [
          0.6523858852766501,
          -0.3488441512003331,
          0.6728301530587976,
          2.685672226610119
        ],
        [
          -0.01775497530056424,
          0.8804927337606336,
          0.4737270382090899,
          1.8942645710865187
        ],
        [
          0.0,
          0.0,
          0.0,
          1.0
        ]
      ]
    },
    {
      "file_path": "./data/nerf/chair/images/r_20.png",
      "sharpness": 768.727925,
      "transform_matrix": [
        [
          0.2891145143013903,
          0.44952337495667505,
          -0.8451872769223283,
          -3.3800992290394816
        ],
        [
          -0.9572898908413683,
          0.1385064554602023,
          -0.2537952455992355,
          -1.0065907114833161
        ],
        [
          0.002976998576845574,
          0.8824651252289145,
          0.4703684091409028,
          1.879029273681918
        ],
        [
          0.0,
          0.0,
          0.0,
          1.0
        ]
      ]
    },
    {
      "file_path": "./data/nerf/chair/images/r_3.png",
      "sharpness": 884.019965625,
      "transform_matrix": [
        [
          -0.4282129812260998,
          0.3063988733164682,
          -0.8501490300079185,
          -3.402985840920517
        ],
        [
          -0.9035446898234225,
          -0.161316587204178,
          0.39696845237965306,
          1.5957892534655815
        ],
        [
          -0.01551245358451196,
          0.9381346860683903,
          0.3459229316808955,
          1.3869752105060953
        ],
        [
          0.0,
          0.0,
          0.0,
          1.0
        ]
      ]
    },
    {
      "file_path": "./data/nerf/chair/images/r_93.png",
      "sharpness": 1024.249825,
      "transform_matrix": [
        [
          0.9776957793045867,
          0.09566505805463497,
          -0.18697368767008277,
          -0.7545174456547468
        ],
        [
          -0.20845102288473882,
          0.5508152143072544,
          -0.8081774376620295,
          -3.2326993187622
        ],
        [
          0.02567361035142995,
          0.8291265261787226,
          0.5584711894107709,
          2.233764134423568
        ],
        [
          0.0,
          0.0,
          0.0,
          1.0
        ]
      ]
    },
    {
      "file_path": "./data/nerf/chair/images/r_19.png",
      "sharpness": 1240.8861875,
      "transform_matrix": [
        [
          -0.9302396295225546,
          -0.3589612968741448,
          0.07616442145597004,
          0.3106830952477028
        ],
        [
          0.36611616431754945,
          -0.893900535091331,
          0.2586518656202615,
          1.0283362750982095
        ],
        [
          -0.024762592027552783,
          0.26849324149083464,
          0.962963235743388,
          3.8509784821999724
        ],
        [
          0.0,
          0.0,
          0.0,
          1.0
        ]
      ]
    },
    {
      "file_path": "./data/nerf/chair/images/r_30.png",
      "sharpness": 745.8829125,
      "transform_matrix": [
        [
          0.5145245181298136,
          0.5282367703263966,
          -0.6754483213407008,
          -2.7024926055834095
        ],
        [
          -0.8574115489446051,
          0.3265753794307384,
          -0.39773603971237814,
          -1.5830764538813307
        ],
        [
          0.01048599076761662,
          0.7837821356086356,
          0.6209473471897132,
          2.4810481026061013
        ],
        [
          0.0,
          0.0,
          0.0,
          1.0
        ]
      ]
    },
    {
      "file_path": "./data/nerf/chair/images/r_99.png",
      "sharpness": 1600.055696875,
      "transform_matrix": [
        [
          -0.3526715603309768,
          -0.694461906245451,
          0.6271725690678749,
          2.5110872789149
        ],
        [
          0.9357221231216744,
          -0.2568230246988752,
          0.24179752332311366,
          0.9594634216303387
        ],
        [
          -0.0068468127762225444,
          0.6721343577263952,
          0.7403975461885919,
          2.9611257762015586
        ],
        [
          0.0,
          0.0,
          0.0,
          1.0
        ]
      ]
    },
    {
      "file_path": "./data/nerf/chair/images/r_95.png",
      "sharpness": 1161.63275625,
      "transform_matrix": [
        [
          0.9903416418793433,
          -0.0609504385251306,
          0.12453303371744716,
          0.49194364042683975
        ],
        [
          0.1359345514866463,
          0.24998829472338635,
          -0.9586592982981086,
          -3.836304677041941
        ],
        [
          0.027298903891709015,
          0.9663285655631008,
          0.25585908877080366,
          1.0223593838914937
        ],
        [
          0.0,
          0.0,
          0.0,
          1.0
        ]
      ]
    },
    {
      "file_path": "./data/nerf/chair/images/r_23.png",
      "sharpness": 838.740115625,
      "transform_matrix": [
        [
          0.6124399816572001,
          0.1668457773834392,
          -0.7727093603164088,
          -3.097460827915379
        ],
        [
          -0.7904198657712822,
          0.1445749221049026,
          -0.5952600504758182,
          -2.3757064306979006
        ],
        [
          0.012397769710530812,
          0.9753258832561839,
          0.22042167960594106,
          0.8799194361746989
        ],
        [
          0.0,
          0.0,
          0.0,
          1.0
        ]
      ]
    },
    {
      "file_path": "./data/nerf/chair/images/r_33.png",
      "sharpness": 725.96133125,
      "transform_matrix": [
        [
          -0.2301185365361704,
          0.636429665896356,
          -0.7362083533844568,
          -2.9445429443872384
        ],
        [
          -0.9730955822433868,
          -0.15936139043865935,
          0.16639992504765524,
          0.6721188350646489
        ],
        [
          -0.011421338144644995,
          0.7546928035207884,
          0.6559789062404925,
          2.62703549341163
        ],
        [
          0.0,
          0.0,
          0.0,
          1.0
        ]
      ]
    },
    {
      "file_path": "./data/nerf/chair/images/r_98.png",
      "sharpness": 940.65426875,
      "transform_matrix": [
        [
          0.9978275072674335,
          -0.015505369053573893,
          -0.06403006601996816,
          -0.2621776763785983
        ],
        [
          -0.05998266869261947,
          0.18812930575220144,
          -0.9803108913878854,
          -3.9201920493851357
        ],
        [
          0.02724601402581116,
          0.9820218673371321,
          0.18679054278777493,
          0.745275419420106
        ],
        [
          0.0,
          0.0,
          0.0,
          1.0
        ]
      ]
    },
    {
      "file_path": "./data/nerf/chair/images/r_27.png",
      "sharpness": 747.204396875,
      "transform_matrix": [
        [
          -0.42912852058021395,
          0.6155319852091472,
          -0.6610363742583856,
          -2.6437344171083943
        ],
        [
          -0.9030911198025613,
          -0.3058281152195745,
          0.301488960452954,
          1.2129256231961587
        ],
        [
          -0.016587410084774493,
          0.7263535910296735,
          0.687121036432834,
          2.7535201629895276
        ],
        [
          0.0,
          0.0,
          0.0,
          1.0
        ]
      ]
    },
    {
      "file_path": "./data/nerf/chair/images/r_28.png",
      "sharpness": 1072.27799375,
      "transform_matrix": [
        [
          0.9976674898194109,
          -0.044464402800069025,
          0.05179282503029297,
          0.20072326280150557
        ],
        [
          0.06276600839955586,
          0.29929486218646734,
          -0.9520940151363073,
          -3.8094225837223665
        ],
        [
          0.02683296536286637,
          0.9531240750440121,
          0.30138760695304984,
          1.2046724714463384
        ],
        [
          0.0,
          0.0,
          0.0,
          1.0
        ]
      ]
    },
    {
      "file_path": "./data/nerf/chair/images/r_92.png",
      "sharpness": 1588.27768125,
      "transform_matrix": [
        [
          0.6904201141370943,
          -0.20573943334881822,
          0.6935354004258029,
          2.7714882847307036
        ],
        [
          0.7230873151512475,
          0.16769857941992142,
          -0.6700909797392481,
          -2.686874176997368
        ],
        [
          0.021559237034873936,
          0.964130941370048,
          0.26455004682466693,
          1.0575547269138892
        ],
        [
          0.0,
          0.0,
          0.0,
          1.0
        ]
      ]
    },
    {
      "file_path": "./data/nerf/chair/images/r_29.png",
      "sharpness": 723.655134375,
      "transform_matrix": [
        [
          0.24848022932768038,
          0.5121117421274536,
          -0.8221916682209796,
          -3.28938348251969
        ],
        [
          -0.9686351330494027,
          0.13302170180822534,
          -0.20988379134753,
          -0.8316953825567712
        ],
        [
          0.0018853808879999213,
          0.8485557085455365,
          0.5291026884426538,
          2.115851013617728
        ],
        [
          0.0,
          0.0,
          0.0,
          1.0
        ]
      ]
    },
    {
      "file_path": "./data/nerf/chair/images/r_34.png",
      "sharpness": 856.892525,
      "transform_matrix": [
        [
          0.5246522313731794,
          0.14744456524583496,
          -0.8384510339776319,
          -3.359616316943051
        ],
        [
          -0.8512630390046065,
          0.1019146503447426,
          -0.5147471636344927,
          -2.0535638826839184
        ],
        [
          0.009553772205403792,
          0.9838056232342055,
          0.1789838574088689,
          0.7133940229622253
        ],
        [
          0.0,
          0.0,
          0.0,
          1.0
        ]
      ]
    },
    {
      "file_path": "./data/nerf/chair/images/r_25.png",
      "sharpness": 1333.261628125,
      "transform_matrix": [
        [
          0.9728077886798158,
          -0.14541255912857765,
          0.18027810187350657,
          0.7150227910826576
        ],
        [
          0.23009844106360836,
          0.5178606603682603,
          -0.8239387379308313,
          -3.296813885931432
        ],
        [
          0.026452103561541988,
          0.8430157318531306,
          0.5372380870236719,
          2.148020671799943
        ],
        [
          0.0,
          0.0,
          0.0,
          1.0
        ]
      ]
    },
    {
      "file_path": "./data/nerf/chair/images/r_94.png",
      "sharpness": 1373.707840625,
      "transform_matrix": [
        [
          -0.46212921165814475,
          -0.8779267208677073,
          0.1252248561678001,
          0.5020989132601645
        ],
        [
          0.886754942888946,
          -0.4558586975226837,
          0.07654096390136057,
          0.29765557418652544
        ],
        [
          -0.010112517619856223,
          0.14641557548664424,
          0.98917147973739,
          3.955585924488892
        ],
        [
          0.0,
          0.0,
          0.0,
          1.0
        ]
      ]
    },
    {
      "file_path": "./data/nerf/chair/images/r_22.png",
      "sharpness": 1387.2672625,
      "transform_matrix": [
        [
          -0.5285196036524725,
          -0.8442779571208026,
          0.08866656505418202,
          0.35630067529970855
        ],
        [
          0.8488335769016795,
          -0.5240749566625982,
          0.06947660414413355,
          0.26941609190790333
        ],
        [
          -0.012189639176307958,
          0.11198290485190407,
          0.993635366621597,
          3.9736112847491736
        ],
        [
          0.0,
          0.0,
          0.0,
          1.0
        ]
      ]
    },
    {
      "file_path": "./data/nerf/chair/images/r_96.png",
      "sharpness": 902.81813125,
      "transform_matrix": [
        [
          -0.4826424918062786,
          0.20501350172276928,
          -0.8514844034378691,
          -3.4084187778483908
        ],
        [
          -0.8756486989184898,
          -0.13204118251359567,
          0.46454761026483804,
          1.8661899088229876
        ],
        [
          -0.01719247522448104,
          0.9698116262006301,
          0.24324849139367619,
          0.9749528866515741
        ],
        [
          0.0,
          0.0,
          0.0,
          1.0
        ]
      ]
    },
    {
      "file_path": "./data/nerf/chair/images/r_1.png",
      "sharpness": 1336.727909375,
      "transform_matrix": [
        [
          -0.7232571731116536,
          -0.6897504277228613,
          0.033814332497024605,
          0.1386346383494034
        ],
        [
          0.6903390260984248,
          -0.7208486369691187,
          0.06171929702489126,
          0.23865184211637855
        ],
        [
          -0.018195896031172547,
          0.06798227765682552,
          0.9975205859408455,
          3.98955771281062
        ],
        [
          0.0,
          0.0,
          0.0,
          1.0
        ]
      ]
    },
    {
      "file_path": "./data/nerf/chair/images/r_82.png",
      "sharpness": 1836.72354375,
      "transform_matrix": [
        [
          0.3922296703244188,
          -0.7873740119751905,
          0.4756028291198869,
          1.8991659442262534
        ],
        [
          0.919758369746508,
          0.32773759389563956,
          -0.21594585161272992,
          -0.8700972973030079
        ],
        [
          0.014157224688003537,
          0.5221400529441212,
          0.8527422460416737,
          3.4102529060502706
        ],
        [
          0.0,
          0.0,
          0.0,
          1.0
        ]
      ]
    },
    {
      "file_path": "./data/nerf/chair/images/r_14.png",
      "sharpness": 1414.90888125,
      "transform_matrix": [
        [
          -0.6621025406241495,
          -0.42275423024179554,
          0.6187884021176085,
          2.480169205106818
        ],
        [
          0.7492568950292111,
          -0.35655705350446953,
          0.558104983714893,
          2.225910860035087
        ],
        [
          -0.015307873382706024,
          0.8331542045033566,
          0.552828852914202,
          2.210798764859339
        ],
        [
          0.0,
          0.0,
          0.0,
          1.0
        ]
      ]
    },
    {
      "file_path": "./data/nerf/chair/images/r_85.png",
      "sharpness": 1742.667784375,
      "transform_matrix": [
        [
          0.003009980676045651,
          -0.7135075634524662,
          0.7006410614544402,
          2.801969575488691
        ],
        [
          0.9999899517306925,
          -0.0001799900348797835,
          -0.004479290260682598,
          -0.02562960260379932
        ],
        [
          0.003322115888985396,
          0.7006475038014938,
          0.7134998521697886,
          2.8529724354869623
        ],
        [
          0.0,
          0.0,
          0.0,
          1.0
        ]
      ]
    },
    {
      "file_path": "./data/nerf/chair/images/r_15.png",
      "sharpness": 1286.90260625,
      "transform_matrix": [
        [
          0.46560424663650923,
          0.8777003414765211,
          -0.11337899351112529,
          -0.4559726452926987
        ],
        [
          -0.8849815628038519,
          0.4624140249365227,
          -0.05459764682896811,
          -0.2152207814163033
        ],
        [
          0.004507663467131654,
          0.12575921508653165,
          0.9920505535880925,
          3.951498316714242
        ],
        [
          0.0,
          0.0,
          0.0,
          1.0
        ]
      ]
    },
    {
      "file_path": "./data/nerf/chair/images/r_91.png",
      "sharpness": 962.657290625,
      "transform_matrix": [
        [
          -0.8483252160337673,
          0.1600229050384529,
          -0.5047147687435607,
          -2.0159004914569567
        ],
        [
          -0.5288249011747838,
          -0.30331488434546355,
          0.7926817172308079,
          3.1780003250567144
        ],
        [
          -0.02624027054675715,
          0.9393576267181103,
          0.34193376173128437,
          1.3697072889828144
        ],
        [
          0.0,
          0.0,
          0.0,
          1.0
        ]
      ]
    },
    {
      "file_path": "./data/nerf/chair/images/r_16.png",
      "sharpness": 1130.40639375,
      "transform_matrix": [
        [
          0.9621035303754376,
          0.1644617092636411,
          -0.21750665072303066,
          -0.8757662080640188
        ],
        [
          -0.2715615230662459,
          0.650189093710865,
          -0.709583315481268,
          -2.8366893157468995
        ],
        [
          0.024721167180682138,
          0.7417590502674205,
          0.6702106947245422,
          2.680318347375946
        ],
        [
          0.0,
          0.0,
          0.0,
          1.0
        ]
      ]
    },
    {
      "file_path": "./data/nerf/chair/images/r_8.png",
      "sharpness": 1727.33011875,
      "transform_matrix": [
        [
          0.43810553266741764,
          -0.39838416224574125,
          0.8058247958467813,
          3.2206187419745858
        ],
        [
          0.898788852958218,
          0.17861240090635652,
          -0.4003451111735007,
          -1.6079566426792247
        ],
        [
          0.015560850227964943,
          0.8996597521258818,
          0.43631432526165614,
          1.7442873215069181
        ],
        [
          0.0,
          0.0,
          0.0,
          1.0
        ]
      ]
    },
    {
      "file_path": "./data/nerf/chair/images/r_2.png",
      "sharpness": 1258.161371875,
      "transform_matrix": [
        [
          0.9468434169598781,
          -0.07355690141773007,
          0.31317235844996677,
          1.2471062255378562
        ],
        [
          0.3205577781227226,
          0.1339573578239033,
          -0.9377089831978078,
          -3.7537645044598786
        ],
        [
          0.02702322555416317,
          0.9882534131591596,
          0.1504158792929614,
          0.6004302410799284
        ],
        [
          0.0,
          0.0,
          0.0,
          1.0
        ]
      ]
    },
    {
      "file_path": "./data/nerf/chair/images/r_90.png",
      "sharpness": 930.8304,
      "transform_matrix": [
        [
          -0.4740081419281281,
          0.17422022023444061,
          -0.8631127367446596,
          -3.4550663760927915
        ],
        [
          -0.8803599086389764,
          -0.11248846592028218,
          0.4607741054964774,
          1.85142458299617
        ],
        [
          -0.01681406153473944,
          0.9782605276606462,
          0.20669694588787316,
          0.8287652014111332
        ],
        [
          0.0,
          0.0,
          0.0,
          1.0
        ]
      ]
    },
    {
      "file_path": "./data/nerf/chair/images/r_18.png",
      "sharpness": 1149.321728125,
      "transform_matrix": [
        [
          -0.9400696674880188,
          -0.13796174338361472,
          0.3118261979293418,
