{
  "camera_angle_x": 0.6893107655501082,
  "camera_angle_y": 0.6890417691255166,
  "fl_x": 1114.2574469441906,
  "fl_y": 1114.728895115278,
  "k1": -0.06228573155778147,
  "k2": 0.3464675703374948,
  "p1": 0.0010131160948518207,
  "p2": -0.0009133251062083794,
  "cx": 399.1579218866402,
  "cy": 399.80262600732254,
  "w": 800.0,
  "h": 800.0,
  "aabb_scale": 1,
  "frames": [
    {
      "file_path": "./data/nerf/chair/images/r_41.png",
      "sharpness": 1658.45296875,
      "transform_matrix": [
        [
          -0.422449763975665,
          -0.7525605492717766,
          0.5051621686857086,
          2.0232144000988828
        ],
        [
          0.9063861045332053,
          -0.3503527976033354,
          0.2360447981224202,
          0.9412104281819942
        ],
        [
          -0.0006530238853482034,
          0.5575890394870853,
          0.8301168813355579,
          3.3212671669125684
        ],
        [
          0.0,
          0.0,
          0.0,
          1.0
        ]
      ]
    },
    {
      "file_path": "./data/nerf/chair/images/r_58.png",
      "sharpness": 1741.47165,
      "transform_matrix": [
        [
          0.6176264907122349,
          -0.754368045366742,
          0.22241036435974015,
          0.8889033644408374
        ],
        [
          0.7860895717104083,
          0.5833145361677413,
          -0.20446842578641725,
          -0.8209486791519162
        ],
        [
          0.024509248174314276,
          0.30111958434342373,
          0.9532713636490772,
          3.8162293845983686
        ],
        [
          0.0,
          0.0,
          0.0,
          1.0
        ]
      ]
    },
    {
      "file_path": "./data/nerf/chair/images/r_39.png",
      "sharpness": 1510.843221875,
      "transform_matrix": [
        [
          -0.6391772644180463,
          -0.7313406377406056,
          0.2378934558049225,
          0.9543735324166263
        ],
        [
          0.7690317143488266,
          -0.6051799867191061,
          0.20578485367097227,
          0.8205220677368406
        ],
        [
          -0.006530467696500968,
          0.3144806119781066,
          0.94924143280629,
          3.7981054584620915
        ],
        [
          0.0,
          0.0,
          0.0,
          1.0
        ]
      ]
    },
    {
      "file_path": "./data/nerf/chair/images/r_64.png",
      "sharpness": 1274.125709375,
      "transform_matrix": [
        [
          -0.9266856199645452,
          -0.3751326941895299,
          -0.02300485982596794,
          -0.08870769813141215
        ],
        [
          0.3753026402445198,
          -0.926896040080448,
          -0.0034145437020521147,
          -0.01571021152372679
        ],
        [
          -0.020042206496916806,
          -0.011797993178572984,
          0.9997295221160029,
          4.000657837593305
        ],
        [
          0.0,
          0.0,
          0.0,
          1.0
        ]
      ]
    },
    {
      "file_path": "./data/nerf/chair/images/r_65.png",
      "sharpness": 1682.4616125,
      "transform_matrix": [
        [
          0.5116236415664331,
          -0.8489097290992602,
          0.13264057186812717,
          0.5298406435765561
        ],
        [
          0.8588803602307736,
          0.5010230560191609,
          -0.10630345312873661,
          -0.42812565095047384
        ],
        [
          0.023786050928333618,
          0.16830974194812384,
          0.9854471343614473,
          3.9449535977289085
        ],
        [
          0.0,
          0.0,
          0.0,
          1.0
        ]
      ]
    },
    {
      "file_path": "./data/nerf/chair/images/r_22.png",
      "sharpness": 1387.2672625,
      "transform_matrix": [
        [
          -0.7424553949093983,
          -0.6666321160486801,
          0.06604247494582598,
          0.26701734846751507
        ],
        [
          0.6698060497791802,
          -0.7371288017508776,
          0.08944822697260096,
          0.35526123032890383
        ],
        [
          -0.010947250402068795,
          0.11064696794199187,
          0.993799479909542,
          3.977826555545099
        ],
        [
          0.0,
          0.0,
          0.0,
          1.0
        ]
      ]
    },
    {
      "file_path": "./data/nerf/chair/images/r_32.png",
      "sharpness": 1387.577609375,
      "transform_matrix": [
        [
          -0.38553023644493334,
          -0.15668143481981225,
          0.9092949823044776,
          3.6415130037147563
        ],
        [
          0.9226934600160812,
          -0.06738140041734603,
          0.37960048171909105,
          1.5161490007099125
        ],
        [
          0.0017932211661025156,
          0.9853479968695515,
          0.17054650244906674,
          0.6825416785937012
        ],
        [
          0.0,
          0.0,
          0.0,
          1.0
        ]
      ]
    },
    {
      "file_path": "./data/nerf/chair/images/r_47.png",
      "sharpness": 1827.223715625,
      "transform_matrix": [
        [
          0.6185192916854968,
          -0.6821061385547735,
          0.390083454703412,
          1.5594894031820687
        ],
        [
          0.7853578823152205,
          0.520570486931939,
          -0.33499158917920996,
          -1.3428871370946593
        ],
        [
          0.025433885384309938,
          0.5135538763718007,
          0.8576803213391065,
          3.431805523923965
        ],
        [
          0.0,
          0.0,
          0.0,
          1.0
        ]
      ]
    },
    {
      "file_path": "./data/nerf/chair/images/r_98.png",
      "sharpness": 940.65426875,
      "transform_matrix": [
        [
          0.9753663260017482,
          -0.06736353267774349,
          0.21005400410753333,
          0.8365460655413344
        ],
        [
          0.21886700425576217,
          0.17669756943087578,
          -0.9596224275231091,
          -3.838476641087435
        ],
        [
          0.027527524779724182,
          0.9819572920930374,
          0.18708851370249496,
          0.7476911406407784
        ],
        [
          0.0,
          0.0,
          0.0,
          1.0
        ]
      ]
    },
    {
      "file_path": "./data/nerf/chair/images/r_88.png",
      "sharpness": 1003.661103125,
      "transform_matrix": [
        [
          -0.9445601802200908,
          0.2180989115873027,
          -0.24543620511571676,
          -0.9788004799713595
        ],
        [
          -0.3269193722498545,
          -0.6941335882926868,
          0.6413285317617606,
          2.5671286093465064
        ],
        [
          -0.030492459006789326,
          0.686011243644992,
          0.7269517065190564,
          2.9087275784269404
        ],
        [
          0.0,
          0.0,
          0.0,
          1.0
        ]
      ]
    },
    {
      "file_path": "./data/nerf/chair/images/r_93.png",
      "sharpness": 1024.249825,
      "transform_matrix": [
        [
          0.9971914549678996,
          -0.06091091719982813,
          0.043578232862987856,
          0.1707325011460325
        ],
        [
          0.0701630024885608,
          0.55623074429957,
          -0.8280606935350532,
          -3.3151381041914187
        ],
        [
          0.026198383439706097,
          0.8287926274487604,
          0.5589422380410378,
          2.236745536058069
        ],
        [
          0.0,
          0.0,
          0.0,
          1.0
        ]
      ]
    },
    {
      "file_path": "./data/nerf/chair/images/r_56.png",
      "sharpness": 1597.149153125,
      "transform_matrix": [
        [
          0.3366832125784503,
          -0.2586384547763124,
          0.9054007754322706,
          3.6222500184216537
        ],
        [
          0.9414055111370025,
          0.07203235215621145,
          -0.3294950740811444,
          -1.3216780848810463
        ],
        [
          0.02000194931830954,
          0.9632847398500692,
          0.26773575045191456,
          1.0711155207966212
        ],
        [
          0.0,
          0.0,
          0.0,
          1.0
        ]
      ]
    },
    {
      "file_path": "./data/nerf/chair/images/r_52.png",
      "sharpness": 1687.41033125,
      "transform_matrix": [
        [
          0.7692328460878488,
          -0.5921337297929619,
          0.24012179121363644,
          0.9589981018001162
        ],
        [
          0.6384164513319994,
          0.6966151828564834,
          -0.327340375881897,
          -1.3119237234407677
        ],
        [
          0.026556792188663962,
          0.40509867081319084,
          0.9138871942251036,
          3.6572779063487015
        ],
        [
          0.0,
          0.0,
          0.0,
          1.0
        ]
      ]
    },
    {
      "file_path": "./data/nerf/chair/images/r_36.png",
      "sharpness": 1077.163128125,
      "transform_matrix": [
        [
          0.13173801828240303,
          0.9848079343797904,
          -0.11313013301599623,
          -0.4583195233259101
        ],
        [
          -0.9910623591767271,
          0.12843165381112945,
          -0.03606536458174463,
          -0.13804361687805042
        ],
        [
          -0.020987967117284536,
          0.11687019617944168,
          0.9929254063402045,
          3.966116339766864
        ],
        [
          0.0,
          0.0,
          0.0,
          1.0
        ]
      ]
    },
    {
      "file_path": "./data/nerf/chair/images/r_5.png",
      "sharpness": 1215.945153125,
      "transform_matrix": [
        [
          -0.9783119497872971,
          -0.13272820458186274,
          0.15902500648147674,
          0.6402972963148708
        ],
        [
          0.20596185789821092,
          -0.541659701000592,
          0.8149751415859764,
          3.259870087167808
        ],
        [
          -0.022032749859181994,
          0.8300530055803553,
          0.5572491058182679,
          2.2295082328906988
        ],
        [
          0.0,
          0.0,
          0.0,
          1.0
        ]
      ]
    },
    {
      "file_path": "./data/nerf/chair/images/r_72.png",
      "sharpness": 1199.132065625,
      "transform_matrix": [
        [
          0.8986106718316109,
          -0.12205315325177918,
          0.4214283905080673,
          1.6831880025367412
        ],
        [
          0.4378642003849147,
          0.18857869274937117,
          -0.8790409652924224,
          -3.518514785726323
        ],
        [
          0.02781730668194507,
          0.9744439976182481,
          0.22290153213768701,
          0.891392350345594
        ],
        [
          0.0,
          0.0,
          0.0,
          1.0
        ]
      ]
    },
    {
      "file_path": "./data/nerf/chair/images/r_55.png",
      "sharpness": 1492.121484375,
      "transform_matrix": [
        [
          0.8132080057641552,
          -0.37695379147187336,
          0.4433943826106132,
          1.7712187004419995
        ],
        [
          0.581343927299995,
          0.49074026654668784,
          -0.6490094213346368,
          -2.5977345095521187
        ],
        [
          0.027055084565421425,
          0.7855442889752988,
          0.6182137110514841,
          2.4725264236222966
        ],
        [
          0.0,
          0.0,
          0.0,
          1.0
        ]
      ]
    },
    {
      "file_path": "./data/nerf/chair/images/r_25.png",
      "sharpness": 1333.261628125,
      "transform_matrix": [
        [
          0.8717776717077982,
          -0.28360241671692255,
          0.39946634453810065,
          1.5954972558077536
        ],
        [
          0.48912611223152347,
          0.4580052892763808,
          -0.7422848518784082,
          -2.9708614976457186
        ],
        [
          0.027556079198728163,
          0.842496779985786,
          0.5379961322234328,
          2.1519051589893476
        ],
        [
          0.0,
          0.0,
          0.0,
          1.0
        ]
      ]
    },
    {
      "file_path": "./data/nerf/chair/images/r_15.png",
      "sharpness": 1286.90260625,
      "transform_matrix": [
        [
          0.6914023174695592,
          0.7161959569891382,
          -0.09500624539848299,
          -0.3836458357280166
        ],
        [
          -0.7224454251040208,
          0.6864584678720269,
          -0.08274889505652797,
          -0.33511347409151554
        ],
        [
          0.00595341756971278,
          0.12584960515457294,
          0.9920314681381215,
          3.955623188384683
        ],
        [
          0.0,
          0.0,
          0.0,
          1.0
        ]
      ]
    },
    {
      "file_path": "./data/nerf/chair/images/r_68.png",
      "sharpness": 606.503075,
      "transform_matrix": [
        [
          0.35637714942436677,
          0.7241689047920179,
          -0.5904021720616148,
          -2.3597025148346527
        ],
        [
          -0.9343407210712561,
          0.2750919913883047,
          -0.22656525157684326,
          -0.900971735333965
        ],
        [
          -0.0016566008659204482,
          0.6323794696816551,
          0.7746569964011925,
          3.0941251768662204
        ],
        [
          0.0,
          0.0,
          0.0,
          1.0
        ]
      ]
    },
    {
      "file_path": "./data/nerf/chair/images/r_60.png",
      "sharpness": 913.861065625,
      "transform_matrix": [
        [
          -0.3427568788319636,
          0.29375775564901285,
          -0.8923139038948161,
          -3.571992810189037
        ],
        [
          -0.9392161804112861,
          -0.12714153289731187,
          0.3189169124806215,
          1.2804001832569363
        ],
        [
          -0.019765841117951533,
          0.947386622072557,
          0.31948067221265175,
          1.2813093949516752
        ],
        [
          0.0,
          0.0,
          0.0,
          1.0
        ]
      ]
    },
    {
      "file_path": "./data/nerf/chair/images/r_53.png",
      "sharpness": 1100.656253125,
      "transform_matrix": [
        [
          0.7133404906476933,
          0.6029417207172051,
          -0.35722069634284226,
          -1.426821640993622
        ],
        [
          -0.7007630298401654,
          0.620030154645711,
          -0.3528367658553505,
          -1.4079001941054936
        ],
        [
          0.008747596858982363,
          0.5020198091646247,
          0.8648118817581684,
          3.4511380478239317
        ],
        [
          0.0,
          0.0,
          0.0,
          1.0
        ]
      ]
    },
    {
      "file_path": "./data/nerf/chair/images/r_69.png",
      "sharpness": 706.617975,
      "transform_matrix": [
        [
          0.17649831265286856,
          0.43014497642187316,
          -0.885338152890915,
          -3.540376702513709
        ],
        [
          -0.9842694363022689,
          0.06993166899977837,
          -0.1622443787381699,
          -0.6464819898236828
        ],
        [
          -0.0078754298060689,
          0.9000471437675335,
          0.43572137505046993,
          1.742688547448439
        ],
        [
          0.0,
          0.0,
          0.0,
          1.0
        ]
      ]
    },
    {
      "file_path": "./data/nerf/chair/images/r_48.png",
      "sharpness": 1261.84711875,
      "transform_matrix": [
        [
          0.7846940854962519,
          0.5780052915571151,
          -0.2239756129442594,
          -0.8947201328243282
        ],
        [
          -0.6197600162449383,
          0.7387396331429286,
          -0.2648797400480855,
          -1.056704589917193
        ],
        [
          0.012357770765338423,
          0.34666069490032175,
          0.9379091897340249,
          3.734763502954122
        ],
        [
          0.0,
          0.0,
          0.0,
          1.0
        ]
      ]
    },
    {
      "file_path": "./data/nerf/chair/images/r_71.png",
      "sharpness": 808.3261125,
      "transform_matrix": [
        [
          0.2974334583332835,
          0.8291899000297557,
          -0.4732625567558956,
          -1.891857749604981
        ],
        [
          -0.9547413448038261,
          0.2575315784573285,
          -0.14881683580655197,
          -0.5893579955066794
        ],
        [
          -0.0015173639390825256,
          0.49610643601458054,
          0.8682603882627523,
          3.4692954195097676
        ],
        [
          0.0,
          0.0,
          0.0,
          1.0
        ]
      ]
    },
    {
      "file_path": "./data/nerf/chair/images/r_73.png",
      "sharpness": 805.92151875,
      "transform_matrix": [
        [
          -0.16845161362615943,
          0.5390913880665748,
          -0.8252299856729508,
          -3.303865612889612
        ],
        [
          -0.9855901569718779,
          -0.10516645339398081,
          0.1324841860778007,
          0.534106403782506
        ],
        [
          -0.015365427058037848,
          0.8356557260420578,
          0.5490386245602792,
          2.200694416042365
        ],
        [
          0.0,
          0.0,
          0.0,
          1.0
        ]
      ]
    },
    {
      "file_path": "./data/nerf/chair/images/r_18.png",
      "sharpness": 1149.321728125,
      "transform_matrix": [
        [
          -0.9974012150667457,
          -0.046240559530168465,
          0.05525058291364329,
          0.224537057319062
        ],
        [
          0.06773733667117318,
          -0.34058859738565683,
          0.9377691936460608,
          3.7502446494062514
        ],
        [
          -0.02454525368505095,
          0.9390746605308437,
          0.34283569321909135,
          1.3717655789268977
        ],
        [
          0.0,
          0.0,
          0.0,
          1.0
        ]
      ]
    },
    {
      "file_path": "./data/nerf/chair/images/r_6.png",
      "sharpness": 985.19890625,
      "transform_matrix": [
        [
          -0.9428926450560343,
          0.061242386183441175,
          -0.32741843275596794,
          -1.3080014230932755
        ],
        [
          -0.33177651352921633,
          -0.26010106268315475,
          0.9067920281197374,
          3.6322932406913986
        ],
        [
          -0.029627774727705575,
          0.9636372799945211,
          0.2655661643433574,
          1.0643836105414692
        ],
        [
          0.0,
          0.0,
          0.0,
          1.0
        ]
      ]
    },
    {
      "file_path": "./data/nerf/chair/images/r_67.png",
      "sharpness": 1751.698540625,
      "transform_matrix": [
        [
          0.5137164620856125,
          -0.4328592675693834,
          0.7407619395839121,
          2.9609750837752737
        ],
        [
          0.8576182889138322,
          0.23471130731107387,
          -0.4576040567355732,
          -1.8324468026784724
        ],
        [
          0.024212953589312063,
          0.8703697241806688,
          0.49180308679668316,
          1.9667081551566907
        ],
        [
          0.0,
          0.0,
          0.0,
          1.0
        ]
      ]
    },
    {
      "file_path": "./data/nerf/chair/images/r_13.png",
      "sharpness": 981.728478125,
      "transform_matrix": [
        [
          -0.7721126882595811,
          0.2337193175714901,
          -0.5909460866247114,
          -2.362201727214328
        ],
        [
          -0.6347870765141216,
          -0.3272459936621572,
          0.6999681615064632,
          2.8030491513891143
        ],
        [
          -0.02978865828920572,
          0.9155792375828335,
          0.4010327862147481,
          1.606091485625962
        ],
        [
          0.0,
          0.0,
          0.0,
          1.0
        ]
      ]
    },
    {
      "file_path": "./data/nerf/chair/images/r_95.png",
      "sharpness": 1161.63275625,
      "transform_matrix": [
        [
          0.9139694443199612,
          -0.12825305204050702,
          0.38498183017687654,
          1.53645840793019
        ],
        [
          0.40485344523683114,
          0.2240293016462162,
          -0.8865125830374843,
          -3.5473700992669768
        ],
        [
          0.02745073388586295,
          0.9661066332021124,
          0.25667962631771923,
          1.0261933910932384
        ],
        [
          0.0,
          0.0,
          0.0,
          1.0
        ]
      ]
    },
    {
      "file_path": "./data/nerf/chair/images/r_29.png",
      "sharpness": 723.655134375,
      "transform_matrix": [
        [
          0.5056759426922263,
          0.4561845546849283,
          -0.7322482455587204,
          -2.927256681507664
        ],
        [
          -0.8627192299370443,
          0.27005734332249554,
          -0.42753311171702985,
          -1.704592071817912
        ],
        [
          0.002715013666451443,
          0.8479178518308205,
          0.5301206893925154,
          2.117607240347624
        ],
        [
          0.0,
          0.0,
          0.0,
          1.0
        ]
      ]
    },
    {
      "file_path": "./data/nerf/chair/images/r_28.png",
      "sharpness": 1072.27799375,
      "transform_matrix": [
        [
          0.941279297838898,
          -0.12612126320155165,
          0.3131879794994328,
          1.249224037479885
        ],
        [
          0.33653800038808107,
          0.2759704202088519,
          -0.9003235537652882,
          -3.6026882035895285
        ],
        [
          0.027119325584168477,
          0.9528555788823349,
          0.30220984108276294,
          1.208539215523354
        ],
        [
          0.0,
          0.0,
          0.0,
          1.0
        ]
      ]
    },
    {
      "file_path": "./data/nerf/chair/images/r_77.png",
      "sharpness": 1838.26539375,
      "transform_matrix": [
        [
          0.5213567841392601,
          -0.6130290834113761,
          0.5936180982739312,
          2.372793213445963
        ],
        [
          0.853046188024764,
          0.3561927280348143,
          -0.3813645783126064,
          -1.5283177015689977
        ],
        [
          0.022345128053513037,
          0.7052106660087722,
          0.7086456179744104,
          2.834307178179999
        ],
        [
          0.0,
          0.0,
          0.0,
          1.0
        ]
      ]
    },
    {
      "file_path": "./data/nerf/chair/images/r_78.png",
      "sharpness": 1654.3839875,
      "transform_matrix": [
        [
          -0.11279737976044221,
          -0.9318607876862738,
          0.3448365171591864,
          1.3803444617518117
        ],
        [
          0.993589258141559,
          -0.10842370513227269,
          0.032010721190141915,
          0.12454139763140644
        ],
        [
          0.007558916992656164,
          0.346236584738805,
          0.9381167785712526,
          3.7535553084239086
        ],
        [
          0.0,
          0.0,
          0.0,
          1.0
        ]
      ]
    },
    {
      "file_path": "./data/nerf/chair/images/r_35.png",
      "sharpness": 932.701584375,
      "transform_matrix": [
        [
          0.2895970184511059,
          0.8843781713210817,
          -0.366072147355669,
          -1.462374008736097
        ],
        [
          -0.9571390924073767,
          0.2658662280608161,
          -0.11489084629470396,
          -0.45371509813314254
        ],
        [
          -0.00428073553206673,
          0.38365400940989525,
          0.92346698719641,
          3.684485450143376
        ],
        [
          0.0,
          0.0,
          0.0,
          1.0
        ]
      ]
    },
    {
      "file_path": "./data/nerf/chair/images/r_34.png",
      "sharpness": 856.892525,
      "transform_matrix": [
        [
          0.7396242130327285,
          0.11389720635738229,
          -0.6633124828874258,
          -2.655757815919843
        ],
        [
          -0.6729516009431631,
          0.13921488946949725,
          -0.726467726287992,
          -2.902451738887307
        ],
        [
          0.009600329455908958,
          0.98369031763411,
          0.1796140104274697,
          0.7162977234249507
        ],
        [
          0.0,
          0.0,
          0.0,
          1.0
        ]
      ]
    },
    {
      "file_path": "./data/nerf/chair/images/r_85.png",
      "sharpness": 1742.667784375,
      "transform_matrix": [
        [
          -0.2728157492003706,
          -0.6861953384436643,
          0.6743200460916219,
          2.699299984001722
        ],
        [
          0.9620558548001187,
          -0.19785038302224622,
          0.18789294340868545,
          0.7484661765787547
        ],
        [
          0.004483217505306966,
          0.6999937024770343,
          0.7141349433600707,
          2.857045701263396
        ],
        [
          0.0,
          0.0,
          0.0,
          1.0
        ]
      ]
    },
    {
      "file_path": "./data/nerf/chair/images/r_3.png",
      "sharpness": 884.019965625,
      "transform_matrix": [
        [
          -0.16173828212983854,
          0.33894883864845565,
          -0.9267979353381909,
          -3.710376159154524
        ],
        [
          -0.9867149646122538,
          -0.07011338951017769,
          0.14655269093963758,
          0.5894879568295567
        ],
        [
          -0.015307080242798855,
          0.9381885724440151,
          0.34578591050605173,
          1.3863083532938085
        ],
        [
          0.0,
          0.0,
          0.0,
          1.0
        ]
      ]
    },
    {
      "file_path": "./data/nerf/chair/images/r_30.png",
      "sharpness": 745.8829125,
      "transform_matrix": [
        [
          0.731319941232258,
          0.4179619584232779,
          -0.5389609864745367,
          -2.155148308209721
        ],
        [
          -0.6819539540266347,
          0.4602608250596755,
          -0.5684177842950033,
          -2.268092300720211
        ],
        [
          0.010485617983187017,
          0.7832418363983984,
          0.621628729713623,
          2.482592721450831
        ],
        [
          0.0,
          0.0,
          0.0,
          1.0
        ]
      ]
    },
    {
      "file_path": "./data/nerf/chair/images/r_82.png",
      "sharpness": 1836.72354375,
      "transform_matrix": [
        [
          0.12200321521385045,
          -0.8467395354124205,
          0.5178294842142757,
          2.0721299037115437
        ],
        [
          0.9924307208434342,
          0.09670393825622335,
          -0.07569420487682418,
          -0.3062990333172153
        ],
        [
          0.014017125402105396,
          0.5231448246607858,
          0.852128518887084,
          3.409790830557135
        ],
        [
          0.0,
          0.0,
          0.0,
          1.0
        ]
      ]
    },
    {
      "file_path": "./data/nerf/chair/images/r_23.png",
      "sharpness": 838.740115625,
      "transform_matrix": [
        [
          0.8059209267432892,
          0.12211496102379926,
          -0.5792921509963475,
          -2.319892168597585
        ],
        [
          -0.5918907021031516,
          0.18689790719579674,
          -0.7840501062111309,
          -3.133399054306733
        ],
        [
          0.012524242515491174,
          0.9747600261869221,
          0.2229036445912934,
          0.8892893963047758
        ],
        [
          0.0,
          0.0,
          0.0,
          1.0
        ]
      ]
    },
    {
      "file_path": "./data/nerf/chair/images/r_49.png",
      "sharpness": 857.56940625,
      "transform_matrix": [
        [
          -0.4882411280296845,
          0.5854123109855328,
          -0.6472349087630082,
          -2.590413487307484
        ],
        [
          -0.8724150622224278,
          -0.34664109756735456,
          0.34457496816331906,
          1.38327317616065
        ],
        [
          -0.0226397907372608,
          0.7328931543478597,
          0.6799669582119525,
          2.725703975891053
        ],
        [
          0.0,
          0.0,
          0.0,
          1.0
        ]
      ]
    },
    {
      "file_path": "./data/nerf/chair/images/r_99.png",
      "sharpness": 1600.055696875,
      "transform_matrix": [
        [
          -0.5969443562427494,
          -0.5974279301763052,
          0.5354785746131839,
          2.145468068829551
        ],
        [
          0.802260934054873,
          -0.43959890957980263,
          0.40389378849602,
          1.6133920962689943
        ],
        [
          -0.005901632568941031,
          0.6706956589997468,
          0.7417091773778418,
          2.9680234801255407
        ],
        [
          0.0,
          0.0,
          0.0,
          1.0
        ]
      ]
    },
    {
      "file_path": "./data/nerf/chair/images/r_1.png",
      "sharpness": 1336.727909375,
      "transform_matrix": [
        [
          -0.8858071627279407,
          -0.4637933750384232,
          0.015536273843027268,
          0.06548488567237774
        ],
        [
          0.4637357401719182,
          -0.8834655334560457,
          0.06661692339371711,
          0.2644416334649029
        ],
        [
          -0.017170725276798922,
          0.066214473351163,
          0.9976576616189016,
          3.9929028869840324
        ],
        [
          0.0,
          0.0,
          0.0,
          1.0
        ]
      ]
    },
    {
      "file_path": "./data/nerf/chair/images/r_7.png",
      "sharpness": 651.787703125,
      "transform_matrix": [
        [
          0.18320567751497488,
          0.6277179477265625,
          -0.7565750841144666,
          -3.0250671564876344
        ],
        [
          -0.9830531435075436,
          0.11189357061759317,
          -0.1452113834876532,
          -0.577046409435346
        ],
        [
          -0.0064959040275309726,
          0.7703570646329534,
          0.6375796391632674,
          2.5488865190002614
        ],
        [
          0.0,
          0.0,
          0.0,
          1.0
        ]
      ]
    },
    {
      "file_path": "./data/nerf/chair/images/r_44.png",
      "sharpness": 892.177340625,
      "transform_matrix": [
        [
          -0.017607212650665355,
          0.19215256064381428,
          -0.9812071033045373,
          -3.925389743446268
        ],
        [
          -0.9997730418763616,
          -0.015155585397768775,
          0.01497240690584973,
          0.06205422094273708
        ],
        [
          -0.011993781721069094,
          0.9812480327337545,
          0.19237579767414184,
          0.7698935923167416
        ],
        [
          0.0,
          0.0,
          0.0,
          1.0
        ]
      ]
    },
    {
      "file_path": "./data/nerf/chair/images/r_94.png",
      "sharpness": 1373.707840625,
      "transform_matrix": [
        [
          -0.6889447437747035,
          -0.7180912808672013,
          0.09848884425299959,
          0.3967731978135693
        ],
        [
          0.7247627446611175,
          -0.6808928817782577,
          0.1053747953497404,
          0.41876226271893313
        ],
        [
          -0.008608368777379298,
          0.1439784564618441,
          0.9895433796132717,
          3.959515378081973
        ],
        [
          0.0,
          0.0,
          0.0,
          1.0
        ]
      ]
    },
    {
      "file_path": "./data/nerf/chair/images/r_42.png",
      "sharpness": 789.623228125,
      "transform_matrix": [
        [
          0.8168727081244559,
          0.2793153584792985,
          -0.5046800068494683,
          -2.0209659970954306
        ],
        [
          -0.5766674032454671,
          0.41544527016792376,
          -0.7034628160245904,
          -2.8106342257163304
        ],
        [
          0.013178953159161845,
          0.865672084610651,
          0.5004379653804022,
          2.0000179223208074
        ],
        [
          0.0,
          0.0,
          0.0,
          1.0
        ]
      ]
    },
    {
      "file_path": "./data/nerf/chair/images/r_63.png",
      "sharpness": 1912.923321875,
      "transform_matrix": [
        [
          0.3410243780522687,
          -0.7329858246503733,
          0.5885865735049152,
          2.3540474770929904
        ],
        [
          0.9398669359127092,
          0.25334757322135404,
          -0.22905272301573398,
          -0.9196663051254328
        ],
        [
          0.018775419039959006,
          0.6313056217670442,
          0.7753068396704607,
          3.101571150418147
        ],
        [
          0.0,
          0.0,
          0.0,
          1.0
        ]
      ]
    },
    {
      "file_path": "./data/nerf/chair/images/r_37.png",
      "sharpness": 860.163128125,
      "transform_matrix": [
        [
          -0.46357944546917734,
          0.49874627906953906,
          -0.7323566391638436,
          -2.931296435788235
        ],
        [
          -0.8857601972631599,
          -0.28218686691092326,
          0.3685097625400729,
          1.4785573422908864
        ],
        [
          -0.022868552599397813,
          0.8195259125410566,
          0.5725856338141527,
          2.2948660209205354
        ],
        [
          0.0,
          0.0,
          0.0,
          1.0
        ]
      ]
    },
    {
      "file_path": "./data/nerf/chair/images/r_62.png",
      "sharpness": 1756.112934375,
      "transform_matrix": [
        [
          0.009361163995182515,
          -0.5912061847570128,
          0.8064661281097265,
          3.2250109263906306
        ],
        [
          0.9998746816497295,
          -0.004762674800242563,
          -0.015097613209231357,
          -0.06385451534804079
        ],
        [
          0.012766738209964134,
          0.80650639433819,
          0.5910875115934087,
          2.3634063934113683
        ],
        [
          0.0,
          0.0,
          0.0,
          1.0
        ]
      ]
    },
    {
      "file_path": "./data/nerf/chair/images/r_16.png",
      "sharpness": 1130.40639375,
      "transform_matrix": [
        [
          0.9996772694269308,
          -0.022039098257101156,
          -0.012634682968339394,
          -0.05391995048124894
        ],
        [
          0.005393053592969771,
          0.6701305704928487,
          -0.7422236411378234,
          -2.970609325931833
        ],
        [
          0.024824827061349558,
          0.7419159633543954,
          0.6700331569078438,
          2.6810279704086084
        ],
        [
          0.0,
          0.0,
          0.0,
          1.0
        ]
      ]
    },
    {
      "file_path": "./data/nerf/chair/images/r_92.png",
      "sharpness": 1588.27768125,
      "transform_matrix": [
        [
          0.46404750536944955,
          -0.24462051880118202,
          0.8513640317845315,
          3.404962827173161
        ],
        [
          0.8855298418836631,
          0.10392414433099648,
          -0.4528097518368845,
          -1.8145724162605408
        ],
        [
          0.022289277895178462,
          0.9640334921984599,
          0.264844509259964,
          1.0592708814488765
        ],
        [
          0.0,
          0.0,
          0.0,
          1.0
        ]
      ]
    },
    {
      "file_path": "./data/nerf/chair/images/r_20.png",
      "sharpness": 768.727925,
      "transform_matrix": [
        [
          0.5415514342083426,
          0.39499167267378477,
          -0.7420940794130042,
          -2.9655677367931568
        ],
        [
          -0.8406575080078121,
          0.2587767147556251,
          -0.47574107046837705,
          -1.8959805924429265
        ],
        [
          0.00412290672617611,
          0.8814852185306497,
          0.4721936162494133,
          1.8840768205127232
        ],
        [
          0.0,
          0.0,
          0.0,
          1.0
        ]
      ]
    },
    {
      "file_path": "./data/nerf/chair/images/r_80.png",
      "sharpness": 1313.9992625,
      "transform_matrix": [
        [
          -0.9080623295557912,
          -0.2125217420173359,
          0.3609117826924017,
          1.4474314140189282
        ],
        [
          0.418479897358724,
          -0.4248915601725814,
          0.8027089993271269,
          3.2095687779359836
        ],
        [
          -0.017244744437151266,
          0.8799441296610597,
          0.474764096724821,
          1.8991090021413113
        ],
        [
          0.0,
          0.0,
          0.0,
          1.0
        ]
      ]
    },
    {
      "file_path": "./data/nerf/chair/images/r_46.png",
      "sharpness": 889.965934375,
      "transform_matrix": [
        [
          -0.37381315564149176,
          0.41942965297676144,
          -0.82724995675293,
          -3.31009891619839
        ],
        [
          -0.9272759572252193,
          -0.18877994737024778,
          0.3232977429908168,
          1.297688691744528
        ],
        [
          -0.020567543147049366,
          0.8879419450317635,
          0.4594954608009752,
          1.8415301913354265
        ],
        [
          0.0,
          0.0,
          0.0,
          1.0
        ]
      ]
    },
    {
      "file_path": "./data/nerf/chair/images/r_83.png",
      "sharpness": 1220.151021875,
      "transform_matrix": [
        [
          -0.9913772558527819,
          -0.12494637954812073,
          0.03949099758432959,
          0.1621625238151109
        ],
        [
          0.1288368678417603,
          -0.8743884160628133,
          0.46780974694837824,
          1.8709089433487676
        ],
        [
          -0.0239206633720201,
          0.46886383962757927,
          0.8829464886549602,
          3.533357846432417
        ],
        [
          0.0,
          0.0,
          0.0,
          1.0
        ]
      ]
    },
    {
      "file_path": "./data/nerf/chair/images/r_21.png",
      "sharpness": 884.6087875,
      "transform_matrix": [
        [
          -0.47641951803637556,
          0.5359178035141423,
          -0.6970054166110519,
          -2.7892970859662234
        ],
        [
          -0.8789166990270665,
          -0.31105218943517693,
          0.36159642091558925,
          1.4510897544311365
        ],
        [
          -0.023019101229387346,
          0.7848812925480546,
          0.6192184409893525,
          2.4815349259683233
        ],
        [
          0.0,
          0.0,
          0.0,
          1.0
        ]
      ]
    },
    {
      "file_path": "./data/nerf/chair/images/r_66.png",
      "sharpness": 1534.05980625,
      "transform_matrix": [
        [
          -0.6994565998525154,
          -0.44274899758392894,
          0.5610113992921762,
          2.2476783549725745
        ],
        [
          0.714613366708632,
          -0.42296804387319403,
          0.5571586578197041,
          2.2265986370512474
        ],
        [
          -0.009391543095706254,
          0.7906145451870641,
          0.6122421415841375,
          2.4495971088754027
        ],
        [
          0.0,
          0.0,
          0.0,
          1.0
        ]
      ]
    },
    {
      "file_path": "./data/nerf/chair/images/r_51.png",
      "sharpness": 795.303103125,
      "transform_matrix": [
        [
          -0.060975360309100404,
          0.4903234102987752,
          -0.869404945248608,
          -3.4791208563781684
        ],
        [
          -0.9980463849371052,
          -0.04183334200906009,
          0.04640457962684405,
          0.18926296409221147
        ],
        [
          -0.013616862682837936,
          0.870535998614555,
          0.4919163102006624,
          1.970171142399627
        ],
        [
          0.0,
          0.0,
          0.0,
          1.0
        ]
      ]
    },
    {
      "file_path": "./data/nerf/chair/images/r_8.png",
      "sharpness": 1727.33011875,
      "transform_matrix": [
        [
          0.1734781945792032,
          -0.4326240620579862,
          0.8847269279323249,
          3.5381807533130596
